60 89
0 5
0 16
0 31
0 37
1 10
1 28
1 42
1 44
2 27
2 47
3 5
3 6
3 27
3 53
4 11
4 12
4 48
4 55
5 9
5 54
6 10
6 23
6 27
7 8
7 9
7 34
7 44
8 14
8 15
8 35
8 59
9 11
10 12
10 24
10 42
10 44
11 13
11 21
12 17
13 22
13 28
13 45
14 15
14 20
14 26
14 40
14 44
14 58
15 20
15 42
16 24
16 42
16 43
16 51
17 40
18 44
19 39
19 43
21 22
21 32
21 47
22 25
23 26
23 36
24 50
24 57
25 29
25 30
25 36
25 42
25 56
27 41
28 53
29 33
29 50
29 56
31 46
31 52
32 50
34 40
34 45
35 57
36 56
38 52
39 48
40 49
43 59
44 48
49 58
